{
 "cells": [
  {
   "cell_type": "code",
   "execution_count": 1,
   "metadata": {},
   "outputs": [
    {
     "data": {
      "image/png": "iVBORw0KGgoAAAANSUhEUgAAAYYAAAD8CAYAAABzTgP2AAAABHNCSVQICAgIfAhkiAAAAAlwSFlz\nAAALEgAACxIB0t1+/AAAADl0RVh0U29mdHdhcmUAbWF0cGxvdGxpYiB2ZXJzaW9uIDIuMS4wLCBo\ndHRwOi8vbWF0cGxvdGxpYi5vcmcvpW3flQAAIABJREFUeJztnXuUVNWZ6H8fb10qgmKCPIQYzUgU\nW26DYpwotoJer2CWjIIm4iNDdMK4xjxGjFlIGJNgnAm5XL3XcTRqJggoCUpudAwiXBLER2MIIMSA\nBLUDEQIKGgV5fPePOt2eqq7qepzXPqe+31q1qmqffep8fbpqf3t/ry2qimEYhmG00ilpAQzDMAy3\nMMVgGIZh5GGKwTAMw8jDFINhGIaRhykGwzAMIw9TDIZhGEYephgMwzCMPEwxGIZhGHmYYjAMwzDy\n6JK0ALVw7LHH6qBBg5IWwzAMI1WsWrXqL6rap1y/VCqGQYMG0dzcnLQYhmEYqUJE3qikn5mSDMMw\njDxMMRiGYRh5mGIwDMMw8jDFYBiGYeRhisEwDMPIwxSDYRiGkYcpBsMwDCMPUwxGZti+Zy+f/8FS\ntr+3N2lRDCPVmGIwMsPsJRt5650PmL1kU9KiGEaqMcVgZILte/by+KoWVGFB81uZXzXY6siIElMM\nRiaYvWQjh1QBOKia+VWDrY6MKDHFYKSe1tXC/oM5xbD/oGZ61VBvqyMjfkwxGKnHv1poJcurhnpb\nHRnxY4rBSD2LN7zdtlpoZf9BZfH6PyckUXTU2+rISIZUlt02DD8vfuuCpEWIjY5WR3dedmpCUhlZ\nw1YMhpEi6ml1ZCSHrRgMI0XU0+rISI5QVgwi8mMR2S4i60ocFxGZLSKbRGSNiAzzHZskIhu9x6Qw\n5DEMwzBqJyxT0sPARR0cvxg4yXtMBv4PgIj0Bu4AzgRGAHeISK+QZKo7LOmpOux+GUZxQlEMqroc\n2NVBl3HATzTHC8DRItIXGAMsVtVdqvoOsJiOFYzRAfWY9BRkcK/H+2UYlRCX87kf8JbvfYvXVqrd\nqJJ6TXqqdXCv1/tlGJUQl2KQIm3aQXv7DxCZLCLNItK8Y8eOUIXLAvWY9BRkcK/H+2UYlRKXYmgB\nBvje9we2dtDeDlW9X1UbVbWxT58+kQmaRpxLelrzGMw6FaYfnXte81gkl6l1cHfufhmGY8SlGBYB\n13jRSWcBu1V1G/AMMFpEenlO59Fem1EFTpWEWPMY/OJm2P0WoLnnX9wcunIIMrg7db8Mw0HCCled\nC6wEPiMiLSJyg4jcKCI3el2eAjYDm4D/AP4BQFV3Af8CvOw9ZnhtRhU4lfS0ZAbs/zC/bf+HufYQ\nCTK4O3W/DMNBRLWoSd9pGhsbtbm5OWkxjGJMP5ribiKB6e+Gdpkzv/csb+/Z1679E0d1dz4JbPue\nvYy/byULbhrJcUf2SFoco44QkVWq2liun2U+G3kEHrR69vfMSEXaQyTOwT/sgdwfSWX1jQwXsVpJ\nRh6BY/ubpkHXw/Lbuh6Wa08pYeY7WJiskQZMMaScMLN3Qxm0hl4Bl86GngMAyT1fOjvXnkLCHsgt\nTNZIA6YYUk6Ys9nQBq2hV8At63I+hVvWpVYpQLgDuYXJVoaVKkkeUwwpJszZrA1a7Qn7nliYbGVY\nqZLkMcWQYsKczdqg1Z6w74mFyZbHfDBuYFFJKaXUbPbmpk/XFDnT0aBVr5EzYd8T18NoXaDYZKde\nv39JYoohpYS9xaMNWu2xexIvYU92jNoxU1JKMbOEkTXMnOkOtmJIKTabNbKGmTPdwRSDYdQprpXm\nsMmOO5gpycg2MZUATyMWFmqUwhSDkV1iKgGeRiws1OgIUwyGe4Q1y4+pBHgasdIcRkeYYjDcIsxZ\n/u6W6trrBMtyN8phisEIRtg2/DBn+aVKfYdYAjzsuj5x1AmysFCjHKYYjNqJwoYf5iw/hhLgYTtw\n43AIWw6MUY5QwlVF5CLgfwKdgQdUdWbB8VnAKO/t4cBxqnq0d+wgsNY79qaqjg1DJiMGOprd11pR\nNcyNflplWDIjp1h69s8phZCqvRY6cINm6Ib9eaUIMyzUtZBXIxwCrxhEpDNwL3AxMASYKCJD/H1U\n9RZVbVDVBuB/AT/3Hf6w9ZgphZQRhQ0/7Fl+hCXAw3bgptEhbCGv2SQMU9IIYJOqblbVj4B5wLgO\n+k8E5oZwXSNporDhp2Sjn7AduGl0CFvIa3YJQzH0A/xr/xavrR0icgIwGHjO19xDRJpF5AURuSwE\neYy4iMqGn4KNfsJ24KbRIRz2Jka2OY87hKEYpEibFmkDmAAsUNWDvraBqtoIXAX8SEROLHoRkcme\nAmnesWNHMImNcEjJ7D4Kwnbgps0hHMUmRmaScgdRLTWGV/gBIiOB6ao6xnt/G4Cqfr9I398CX1XV\n50t81sPA/1XVBR1ds7GxUZubmwPJnSaidPCZ89CohW8vXMv85rfylFnXzsKVwwdWXfBu+569/O0P\nlrLvwCF6dOnE8ltH2XcxIkRklTcR75AwVgwvAyeJyGAR6UZuVbCoiECfAXoBK31tvUSku/f6WOBz\nwPoQZMoUUc6mnJupuVTbyCVZHCPMFU4ane5ZJ3C4qqoeEJEpwDPkwlV/rKqvisgMoFlVW5XERGCe\n5i9RTgH+XUQOkVNSM1XVFIOPKEMY4wqPbMeax4qHkLbmRbSGwLbmRUD85imXZKmEUvc0IsIKebXN\nedwklAQ3VX1KVU9W1RNV9bte2zSfUkBVp6vq1ILznlfV01T1dO/5wTDkiZsoHWdRzqYSmal1lBRX\nS9ZzVLP6NNVZSnGxwDQ63esBy3wOgajMMVGGMCYWHtnRgFttXkSUA2Ka6iyFrcRiNKGlzeleL9hG\nPQGJ0hwT9r7OcX12h3Q04Fab9RxF5rX/mmFlYEdNmEosZhOaS5vzWCDGx9iKISBRmmOinE0lNlPr\nKCmuaRp06prf3qlr6byIKGf1MdRZCo0wEw3TZEILGecCMRLEVgwBiNpxFuVsKrGZWtO0/Bkp5A+4\nUpAWU/jeT5Sz+ojrLIVKuXtaDQ6b0KIO204kEMNRbMUQAOccZ2kIr+woKW7JDDj4UX7/gx+Vnq1G\nPatPQQY2EG6iYQylymsl6rBtC5n9GFMMAXDKcZamyJRSA261s9U6zrxupS0ibvDYcJSYoya0KOsy\npbFOVdSYKSkALjnOInXExkUtpqGhV6Tn74sA/yw6lKABR01oxWb0YQVJJBaI4TC2YsgKDtuGK8bR\n2aqrRDaLdsyEFvWM3qmVvyPYiiFJwsxWTVN4ZSkcna26SpSz6LioxKEc9YzeqZW/I9iKISnC9glk\nZbbt2GzVVQpn0Rfrr7npt+NQlwMPilCJQ9lm9PFjK4akCNsnYLNtd4ihbpF/Fj2202+Y2fUBDhcv\nosv1uk4elYaI2ow+fkwxJEUUPoE6d8Q6QUyZw/5Z9D93eexjpdBKCgIPsmAKyypmSkoKh+PFU4Vr\nuRsxZQ6/+K0L2DLzErbMvIT+nXYW7+Rw4IGFiLqNKYakyIpPIA5KDf4u5m4kER2WwkmGc8mhRh6m\nGGokcKltS86qjLDLdEdNqcH4sF7RrWxSOMkwh7LbBN7aMwlc2Nrz2wvXMuelN7n6zBPMLhols04t\nEYY7wJuFF/v+Si6qKQkKfQwAnbuBKhza/3Fb18PaTwSCOK1j3qjHSCeVbu1pzucasIJbMRJmme44\nKBYd9tFf4cNd+f0KncNBndYWeGCESCimJBG5SEReE5FNIjK1yPFrRWSHiKz2Hl/2HZskIhu9x6Qw\n5IkaK7gVI+XKdLtoQinMxfjwneL9/ErPRbOYUbcEVgwi0hm4F7gYGAJMFJEhRbrOV9UG7/GAd25v\n4A7gTGAEcIeI9AoqU5REFU0R5fagVeFalE9Hg39a/DSVOIezUNLEYZz5faWEMFYMI4BNqrpZVT8C\n5gHjKjx3DLBYVXep6jvAYuCiEGSKjKiiKZzYJMTFKJ9yg38aMqUrWdmkMLKoQxybYDjx+0oRYSiG\nfoDf0NvitRVyuYisEZEFIjKgynOdIYpoiihLCleFq+aMNAz+HVHJysZVs1gtODbBcOb3lSLCcD4X\n22KrMFTkF8BcVd0nIjcCjwDnV3hu7iIik4HJAAMHDqxd2oBEkZ5fUwZoFFEoQcwZFhXTMeWcw1kq\naeJYCXjLsK6eMFYMLcAA3/v+wFZ/B1Xdqar7vLf/Afy3Ss/1fcb9qtqoqo19+vQJQWw3qMlnEdWM\nrFZzhmMzxNSS9pVRKw75SyzDujbCUAwvAyeJyGAR6QZMABb5O4hIX9/bscAG7/UzwGgR6eU5nUd7\nbXVDTT6LqEw+tZozXDVBGcngkL/EMqxrI7BiUNUDwBRyA/oG4DFVfVVEZojIWK/bzSLyqoj8DrgZ\nuNY7dxfwL+SUy8vADK+tbqjJZxHVjKzWKB+HZoiGAyThLynh7LYM69qwzOc00lE28C3rTB4jeeL0\nORXLNi+WWW5UnPlstZLSiGsRLK7JYyRPnP4SM2WGjimGNOJaYpdr8hj1hZkyQ8dqJaUV12rjuCZP\nOSy8Nju4WDMr5diKwag/LLw2W5gpM3RMMRj1h9mks4WZMkPHTElG/WE26eyRNlOm49iKwag/HErA\nMrJDliq4mmIwkiHJ6ptmkzYiIEsVXE0xGPGTtPPXbNJGyGStgqv5GOLEQiRzuFB902zSRohkrYKr\nrRjiIulZskuY89fIEFms4Fp3iiExB1GaQiSjtv+b89fIEFms4Fp3iiExB1FaZslxrGzM+WtkiCxW\ncK0rH0Ohg+jmpk9z3JE94rl4WtL247D/Z2m3MqPuiWJXx6SpqxVDMQdROUIzPaVllhzXyiYru5UZ\nRgapG8VQq4MoNNNTWkIkzf5v1ClZSlALSt0ohlocRKHHJqdhlpyWlY2RLpJMaKyQLCWoBSUUxSAi\nF4nIayKySUSmFjn+NRFZLyJrRGSJiJzgO3ZQRFZ7j0WF54ZFLQ6iWkxPqSctKxsjPaQgVDtrCWpB\nCby1p4h0Bv4AXAi0kNu7eaKqrvf1GQW8qKofiMhNwHmqeqV37H1VPaKaa8axtef2PXv52x8sZd+B\nQ21tPbp0Yvmto+JzWBtGFkjB1q/fXriW+c1vsf+g0rWzcOXwgalOUCtFnFt7jgA2qepmVf0ImAeM\n83dQ1aWq+oH39gXAeYN1FmOTDSMRHA/VzmKCWlDCUAz9AP90oMVrK8UNwNO+9z1EpFlEXhCRy0KQ\nJxSyGJtsGIngeECDTQLbE0YegxRpK2qfEpEvAo3Aub7mgaq6VUQ+BTwnImtV9fUi504GJgMMHDgw\nuNRlyFxsstVpMpKiaVrOp+DPj3EooKGjSWAWzUmVEIZiaAEG+N73B7YWdhKRC4DbgXNVdV9ru6pu\n9Z43i8gy4AygnWJQ1fuB+yHnYwhB7nRSywDf6vxr/WG2Ov/AlIMRPY4nNGZuEhgCYTifu5BzPjcB\nfyLnfL5KVV/19TkDWABcpKobfe29gA9UdZ+IHAusBMb5HdfFiMP57CSFAzzkZl7looZS4PwzDCN6\nYnM+q+oBYArwDLABeExVXxWRGSIy1ut2N3AE8HhBWOopQLOI/A5YCswspxTqmloL8Tnu/DMMwy1C\nqZWkqk8BTxW0TfO9LrpWU9XngdPCkKEuqHWAT0udJsMwnKBuMp8zQa3RHS5mM6cgE9Yw6hVTDGmi\n1gHetWzmFGTCGglgkwVnCOx8ToK6dT5DNsJOzRluFFJrYIVRFZU6n+tqP4ZMkIW9is0ZbhTiwj7g\nRhtmSjLix/FMWCMBbLLgFKYYjPhx0RluJItNFpzCFIMRP645w43kscmCU5iPwUiGLPhKjPBwvGxG\n0mzfs5fx961kwU0jYyn7b4rBMAw3sMlCSfy7y8VR2M9MSYZhGBESdC/pJHaXM8VgGIYRIUH3kk5i\ni2FTDIZhGBERdLaf1O5yphgMwzAiIuhsP6nd5UwxhEBQG6JhGNkjjNl+UlsMW1RSCMQdMRAqWai9\nZBgO0tFsv9JxIqnd5WzFEJAkIgZCI4wqp1YR0zCKktRsPwxsxRCQYjbE1KwaghYus72ks4+tKKum\nNRntF/94TizJaFEQyopBRC4SkddEZJOITC1yvLuIzPeOvygig3zHbvPaXxORMWHIExehRQwkNesO\nWris1q1GjXRg+2bURNDwVBcIrBhEpDNwL3AxMASYKCJDCrrdALyjqp8GZgF3eecOASYAnwUuAv63\n93mpIJSIgSR/fEELl1lFzGxjir9qUm1a9hHGimEEsElVN6vqR8A8YFxBn3HAI97rBUCTiIjXPk9V\n96nqH4FN3uelglBsiEn++IIWLqtFsZhPIj2Y4q+aJJLRoiAMH0M/wL8dVwtwZqk+qnpARHYDx3jt\nLxSc2y8EmWIhlIiBJH98QQuXNU0rvutWKcViPol00bN/iZ32rBR2MUqZlm9u+nTqfA1hrBikSFvh\nfqGl+lRybu4DRCaLSLOINO/YsaNKER0m6Tr0Q6/Ibac5/d3cczUDdLXls800kS4SKIWd5pygpJLR\noiAMxdACDPC97w9sLdVHRLoAPYFdFZ4LgKrer6qNqtrYp0+fEMR2hLTXoa9GsZhpIl0ksG9Gmh23\naQ5PLSQMU9LLwEkiMhj4Ezln8lUFfRYBk4CVwHjgOVVVEVkEPCoiPwSOB04CXgpBpvRQT3XozTSR\nPmIshV3ouE2bCSapZLQoCLxiUNUDwBTgGWAD8JiqvioiM0RkrNftQeAYEdkEfA2Y6p37KvAYsB74\nL+CrqnowqEypI4g5xxEqMgGkfXVkREpWHLdZIJQ8BlV9SlVPVtUTVfW7Xts0VV3kvd6rqn+nqp9W\n1RGqutl37ne98z6jqk+HIU9aSLM9tZCKTAC2padRgqSqiBrFsZIYNRDWgJ5me6qfqmK3M7A6MsLH\nZcdtliZwlWKKoQbCGNCzkggDZgIwguOy4zYrE7hqsFpJVRKWgyzVNZZ8ZCl220gOVx23aXeI14qt\nGKokjNlxluypLpsADCMo9boaNsVQBWEN6FkaTF02ARhGELI0gasWMyVVQRgbb0DHg2nazEmumgAM\nIyhh/d7TiCmGKghrQI9jMG2tCb/gppF1YRM1MoQje0BkaQJXLaYYqiBNs+NUbzdq1C8OFVpM0+89\nbMzHkEGyFApr1BlWaNEJTDFkkHqNpIgM20MiPqzQohOYYsgY9RxJEQm2vWW8JF2G3gBMMWSOLIXC\n1kyYM3wzbeQT9eopaKFFW92FgimGjBFrXoGLP8KwZ/hm2viYOFZPQQot2uouNEQLZpdpoLGxUZub\nm5MWo74pjB6B3Mwu6Wqps04tsefDgFzRvqQ/L824fi9ili+NIeEiskpVG8v1sxVDhGS6KmO1Jpa4\nVhdhz/BtD4mPcX31FLN8WS6uZ4ohQrL8xanqRxjnEj9s56Wre0gkYcZz3TEco3xZDwk3xRARWf/i\nVPUjjNOBG8UM37U9JJKypbu+eopRvqyHhAdSDCLSW0QWi8hG77lXkT4NIrJSRF4VkTUicqXv2MMi\n8kcRWe09GoLI4xJZ/+JU9SOMc4nv6gw/TJKKlIrj3gZZCcX0v6+HkPCgJTGmAktUdaaITPXe31rQ\n5wPgGlXdKCLHA6tE5BlVfdc7/k1VXRBQjsipxtGUxj0Kqnaktf7YKqlp07N/CadgRCaIGDewT4Qk\nbf1R3tswymHE8L+vh+J6QU1J44BHvNePAJcVdlDVP6jqRu/1VmA70CfgdWOnGn9BGnMJavKHVGpi\ncd0EkTZct/XXSkpyRuqh1HzQFcMnVHUbgKpuE5HjOuosIiOAbsDrvubvisg0YAkwVVX3BZQpdKrd\nxcnpqoxFKlduHzQ22l2qqlldVChzplcE5WiaVjxUOO2K1vWoJ496KK5XVjGIyLPAJ4scur2aC4lI\nX+A/gUmqeshrvg34MzllcT85M1TR6YGITAYmAwwcOLCaSwem2m04nf3ilFiqL/vkWxzSU4AIl8S1\nLvEdqrbpDEEVravEbXI0ShIowU1EXgPO81YLfYFlqvqZIv2OApYB31fVx0t81nnAN1T1f5S7bpwJ\nbtv37OVvf7CUfQcOtbX16NKJ5beOctZfUJISCUB/0mP53L7Zbe+d+vtcT6oywsPVpMkMEVeC2yJg\nkvd6EvBkEUG6AQuBnxQqBU+ZICJCzj/h3C89Lf6CipLpSizJ+7Iz771Tf19KzAtGCNRDRFlKCKoY\nZgIXishG4ELvPSLSKCIPeH2uAD4PXFskLHWOiKwF1gLHAncGlCd00uJoqsh5XGJJvlWPyXvv1N+X\nVUerURzXckbqFKuVlAH85q4OzUBpXKqnUWbDcBSrlVRHVJxMl8alehplNoyUYyuGlJMp57hhGJFi\nK4Y6IS3OccMw0oMphpSTFue4YRjpIWjms5EwzibThUQaN0MxskE9f/dsxWA4Tab3tDCcpp6/e6YY\nDGfJ/J4WhrPU+3fPFIPhLCXDcJPYvcyoKzK/n0oZTDHUMS7vSV1qT4vdL82JZvcyV5SNK3LUMfWw\nEU85TDE4QFIDtMs21FJhuIcWfyf8mv1JbZXpqhxFcHkSETYWAm6KwQmSGKBdt6GWCsPtuX978ROC\nFNVzZYMYV+QogsuTiLCxEHALV02cajcBCotq95iIm5JhuLMiqNnvSgVXV+QoIKnvaFJkPQS8EmzF\nkDBJOLnSakPdvmcvMz4Yj3YJeZtQVyq4uiJHAfXuiK1HTDEkSFIDdFptqLOXbOSh94fz+PH/HG5R\nPVf2pHZFDh9pnUQYwTDFkCBJDdBptKH6zRnTNp/C9i83h1ez35UKrq7I4SOtkwgjGFZdNUHO/N6z\nvL1nX7v2TxzV3eycBXx74VrmN7/F/oNK187ClcMHOuUTySr2Hc0WlVZXNcVgOI+VFjeMcIil7LaI\n9BaRxSKy0XvuVaLfQd+2not87YNF5EXv/Pne/tCGkYeZMwwjXoL6GKYCS1T1JGCJ974YH6pqg/cY\n62u/C5jlnf8OcENAeYwMkkafiGGkmUCmJBF5DThPVbeJSF9gmap+pki/91X1iII2AXYAn1TVAyIy\nEpiuqmPKXddMSYazrHksl5C2uyUXZto0zbYhNZwhrh3cPqGq2wC85+NK9OshIs0i8oKIXOa1HQO8\nq6oHvPctQL+A8hhGcjhc0iIWMlDnqZ5Kf3REWcUgIs+KyLoij3FVXGegp6WuAn4kIicCUqRfyeWL\niEz2lEvzjh07qri0YcSEwyUtAlHJgB+1UoxJ6dRT6Y+OKFsSQ1VLxqSJyNsi0tdnSipayEZVt3rP\nm0VkGXAG8DPgaBHp4q0a+gNbO5DjfuB+yJmSCo/v37+flpYW9u6tb03vEj169KB///507do1aVHi\nwdGSFoFoHfBbFV7rgA/5JrKOlGJQU1qlMgSk3kp/dETQWkmLgEnATO/5ycIOXqTSB6q6T0SOBT4H\n/EBVVUSWAuOBeaXOr5SWlhaOPPJIBg0aRM59YSSJqrJz505aWloYPHhw0uLEQ88I6jglTaUDfpRK\nMUql48P1+mFxEtTHMBO4UEQ2Ahd67xGRRhF5wOtzCtAsIr8DlgIzVXW9d+xW4Gsisomcz+HBWgXZ\nu3cvxxxzjCkFRxARjjnmmPpawTlY0qId1ZpkKh3wo6zzFIHSKfQlWOmPfAIpBlXdqapNqnqS97zL\na29W1S97r59X1dNU9XTv+UHf+ZtVdYSqflpV/05V26dYVoEpBbeou/+HgyUt8qjFD1DpgB+lUoxA\n6RT6EixXJh+rlRQiIsLXv/71tvf/+q//yvTp0zs854knnmD9+vUd9jn99NOZOHFiyeNbtmzh1FOr\nW/JOmzaNZ599FoAf/ehHfPDBB23Hvve971X1WQAPP/wwU6ZMqfq8OIg10mToFbn6TV4dp+2DxiYa\n5ZL3t9fiHK90wI9SKYasdIrtRWK5MvmYYgiR7t278/Of/5y//OUvFZ9TTjFs2LCBQ4cOsXz5cv76\n17+GISYAM2bM4IILcnEFYSgGl0ky0iTpKJe869dikqlwwN++Zy+f/68+4RY3rFKGSinmS3jxWxew\nZeYl7R71Wg+qrhVD2DPJLl26MHnyZGbNmtXu2BtvvEFTUxNDhw6lqamJN998k+eff55FixbxzW9+\nk4aGBl5//fV25z366KN86UtfYvTo0Sxa1FZNhFWrVnH66aczcuRI7r333rb2hx9+mMsuu4xLL72U\nwYMHc8899/DDH/6QM844g7POOotdu3YBcO2117JgwQJmz57N1q1bGTVqFKNGjWLq1Kl8+OGHNDQ0\ncPXVVwPw05/+lBEjRtDQ0MBXvvIVDh48CMBDDz3EySefzLnnnsuKFStCuYdhk+ROdWWvHXEIZuH1\nDx5ZIk2onEmmYBVUbECOXAFWIEMlmC+hMupaMUTxZf7qV7/KnDlz2L17d177lClTuOaaa1izZg1X\nX301N998M2effTZjx47l7rvvZvXq1Zx44ontPm/+/PlceeWVTJw4kblz57a1X3fddcyePZuVK1e2\nO2fdunU8+uijvPTSS9x+++0cfvjh/Pa3v2XkyJH85Cc/yet78803c/zxx7N06VKWLl3KzJkzOeyw\nw1i9ejVz5sxhw4YNzJ8/nxUrVrB69Wo6d+7MnDlz2LZtG3fccQcrVqxg8eLFZc1hSZHkJjMdXjuG\nZLjC6/+s1w2R+AFc3ybWj/kSKqNuFUNUX+ajjjqKa665htmzZ+e1r1y5kquuugqAL33pS/zmN78p\n+1kvv/wyffr04YQTTqCpqYlXXnmFd955h927d/Puu+9y7rnntn2en1GjRnHkkUfSp08fevbsyaWX\nXgrAaaedxpYtW6r6e5YsWcKqVasYPnw4DQ0NLFmyhM2bN/Piiy9y3nnn0adPH7p168aVV15Z1efG\nQZKzw7LXjjgZrtj1p20+hd0X/lvofoA07fBmvoTKqNs9n6OMWf6nf/onhg0bxnXXXVeyTyURO3Pn\nzuX3v/89gwYNAmDPnj387Gc/Y/z48R2e371797bXnTp1anvfqVMnDhw4UOq0oqgqkyZN4vvf/35e\n+xNPPOF81FFHs8Oo49PLXjviZLhS17976+ncecu6UK4BpRWgq8lh9eozqJa6XDFEPZPs3bs3V1xx\nBQ8++HFaxtlnn828efMAmDOMVDjZAAAMuElEQVRnDueccw4ARx55JO+99167zzh06BCPP/44a9as\nYcuWLWzZsoUnn3ySuXPncvTRR9OzZ8+2VcecOXMCyVsoQ9euXdm/fz8ATU1NLFiwgO3bc0ntu3bt\n4o033uDMM89k2bJl7Ny5k/379/P444+XvU7cdWiSnB2WvXbE+zvH9bebaSab1OWKIY6Z5Ne//nXu\nueeej685ezbXX389d999N3369OGhhx4CYMKECfz93/89s2fPZsGCBW1+huXLl9OvXz/69fvYYfj5\nz3+e9evXs23bNh566CGuv/56Dj/8cMaMKVuQtkMmT57MxRdfTN++fVm6dCmTJ09m6NChDBs2jDlz\n5nDnnXcyevRoDh06RNeuXbn33ns566yzmD59OiNHjqRv374MGzaszSldCr9PJ46M0iRnh2Wv3TQt\nv8wDhJoMF9ff3pECqtes4SyQmR3cNmzYwCmnnFLR+bZdYXy0/l/8u7DZ7mseVqLbiJlKy27X5YrB\nBv/4sTo0RRh6hSkCw0nq0sdgxIvFjhtGujDFYESOOSgNI12YYjAix2LHDSNd1KWPwYgX8+kYRrqw\nFYNhGIaRhymGkFm4cCEiwu9///uix1uL11XK1q1bGT9+PACrV6/mqaeeaju2bNkynn/++aplHDRo\nUFUVYA3DqC9MMYTM3LlzOeecc9qynINy/PHHtymSsBSDYSRN3FnwRnUEUgwi0ltEFovIRu+5V5E+\no0Rkte+xV0Qu8449LCJ/9B1rCCJPVURQ8vj9999nxYoVPPjgg22KQVWZMmUKQ4YM4ZJLLmkrLQG5\nmfu3vvUtRo4cSWNjI6+88gpjxozhxBNP5L777gM+3oTno48+Ytq0acyfP5+Ghgbuuusu7rvvPmbN\nmkVDQwO//vWv2bFjB5dffjnDhw9n+PDhbaWwd+7cyejRoznjjDP4yle+QhqTGo1skfQ+FUbHBHU+\nTwWWqOpMEZnqvb/V30FVlwINkFMkwCbgV74u31TVym0rYdBa8ri1HEFryWMIlHD0xBNPcNFFF3Hy\nySfTu3dvXnnlFbZs2cJrr73G2rVrefvttxkyZAjXX3992zkDBgxg5cqV3HLLLVx77bWsWLGCvXv3\n8tnPfpYbb7yxrV+3bt2YMWMGzc3NbaU2PvzwQ4444gi+8Y1vAHDVVVdxyy23cM455/Dmm28yZswY\nNmzYwHe+8x3OOeccpk2bxi9/+Uvuv//+mv9GI8f2PXsZf99KFtw00jK4q6SwsrGrBffqmaCmpHHA\nI97rR4DLyvQfDzytqh+U6RctEZU8njt3LhMmTAByNZDmzp3L8uXLmThxIp07d+b444/n/PPPzztn\n7NixQK4k9plnntlWLrtHjx68++67VV3/2WefZcqUKTQ0NDB27Fj27NnDe++9x/Lly/niF78IwCWX\nXEKvXu0WdkaVJD3jTbMpJk1luuuVoCuGT6jqNgBV3SYix5XpPwH4YUHbd0VkGrAEmKqq7YsYASIy\nGZgMMHDgwGBSR1DyeOfOnTz33HOsW7cOEeHgwYOICF/4whcqKpHtL4/d+r7aEtmHDh1i5cqVHHbY\nYe2OuV4iO024MOONuyBhWKStTHe9UnbFICLPisi6Io9x1VxIRPoCpwHP+JpvA/4GGA70psAM5UdV\n71fVRlVt7NOnTzWXbk8EJY8XLFjANddcwxtvvMGWLVt46623GDx4ML1792bevHkcPHiQbdu2sXTp\n0pqvUVgeu/D96NGj8yq6rl69GshVZW0tzf3000/zzjvv1CyDkfyMN007phViWfDpoKxiUNULVPXU\nIo8ngbe9Ab914N/ewUddASxU1f2+z96mOfYBDwEjgv05FdI0LfQtDufOncsXvvCFvLbLL7+cP//5\nz5x00kmcdtpp3HTTTW27rtXCqFGjWL9+PQ0NDcyfP59LL72UhQsXtjmfZ8+eTXNzM0OHDmXIkCFt\nDuw77riD5cuXM2zYMH71q18FX3HVMS7UfUpaMQXBsuDTQaCy2yJyN7DT53zurar/XKLvC8BtnjO6\nta2vZ4ISYBawV1Wnlrtu0LLbgJU8jomq/y+O8+2Fa5nf/Fbe4Na1s3Dl8IGxmHT85ctbsTLmRqVU\nWnY7qPN5JnChiGwELvTeIyKNIvKAT5hBwADg/xWcP0dE1gJrgWOBOwPKUzlDr4Bb1sH0d3PPphSM\nCkh6xmumGCMOAjmfVXUn0FSkvRn4su/9FqBfkX7nF7YZhsskXffJdkwz4sCK6BlGikhaMRn1QaZK\nYlhGr1vY/8Mw0klmFEOPHj3YuXOnDUaOoKrs3LmTHj3MIWoYaSMzpqT+/fvT0tLCjh07khbF8OjR\nowf9+9eeG2IYRjJkRjF07dqVwYMHJy2GYRhG6smMKckwDMMIB1MMhmEYRh6mGAzDMIw8ApXESAoR\n2QG8EfNljwVc3g/TZflclg1MviC4LBuYfIWcoKplq5CmUjEkgYg0V1JjJClcls9l2cDkC4LLsoHJ\nVytmSjIMwzDyMMVgGIZh5GGKoXJc3yjZZflclg1MviC4LBuYfDVhPgbDMAwjD1sxGIZhGHmYYvAh\nIr1FZLGIbPSeexXpM0pEVvsee0XkMu/YwyLyR9+xhrjl8/od9MmwyNc+WERe9M6fLyLd4pRNRBpE\nZKWIvCoia0TkSt+xSO6diFwkIq+JyCZvl8HC4929e7HJuzeDfMdu89pfE5ExYchTpWxfE5H13r1a\nIiIn+I4V/R/HLN+1IrLDJ8eXfccmed+FjSIyKSH5Zvlk+4OIvOs7Fun9E5Efi8h2EVlX4riIyGxP\n9jUiMsx3LPJ7VxZVtYf3AH4ATPVeTwXuKtO/N7ALONx7/zAwPmn5gPdLtD8GTPBe3wfcFKdswMnA\nSd7r44FtwNFR3TugM/A68CmgG/A7YEhBn38A7vNeTwDme6+HeP27A4O9z+kcs2yjfN+tm1pl6+h/\nHLN81wL3FDm3N7DZe+7lve4Vt3wF/f8R+HGM9+/zwDBgXYnj/x14GhDgLODFuO5dJQ9bMeQzDnjE\ne/0IcFmZ/uOBp1X1g0il+phq5WtDRAQ4H1hQy/lhyKaqf1DVjd7rrcB2oGyyTQBGAJtUdbOqfgTM\n8+T045d7AdDk3atxwDxV3aeqfwQ2eZ8Xm2yqutT33XoBiLNUbSX3rhRjgMWquktV3wEWAxclLN9E\nYG7IMpREVZeTmzSWYhzwE83xAnC0iPQlnntXFlMM+XxCVbcBeM/Hlek/gfZftu96S8NZItI9Ifl6\niEiziLzQauYCjgHeVdUD3vsWimy3GoNsAIjICHIzvdd9zWHfu37AW773xf7mtj7evdlN7l5Vcm7U\nsvm5gdwMs5Vi/+MwqVS+y73/2QIRGVDluXHIh2eCGww852uO+v6Vo5T8cdy7smSm7HaliMizwCeL\nHLq9ys/pC5wGPONrvg34M7kB737gVmBGAvINVNWtIvIp4DkRWQvsKdKvqpC0kO/dfwKTVPWQ1xz4\n3hW7VJG2wr+5VJ9Kzg1CxZ8vIl8EGoFzfc3t/seq+nqx8yOU7xfAXFXdJyI3klt5nV/huXHI18oE\nYIGqHvS1RX3/ypHU964i6k4xqGrJTXNF5G0R6auq27zBa3sHH3UFsFBV9/s+e5v3cp+IPAR8Iwn5\nPDMNqrpZRJYBZwA/I7dc7eLNjPsDW+OWTUSOAn4JfNtbQrd+duB7V4QWYIDvfbG/ubVPi4h0AXqS\nMwFUcm7UsiEiF5BTvOeq6r7W9hL/4zAHtrLyqepO39v/AO7ynXtewbnLQpStIvl8TAC+6m+I4f6V\no5T8cdy7spgpKZ9FQGsUwCTgyQ76trNZegNiqz3/MqBoREKU8olIr1YzjIgcC3wOWK85z9ZScn6R\nkudHLFs3YCE52+rjBceiuHcvAydJLhqrG7kBojACxS/3eOA5714tAiZILmppMHAS8FIIMlUsm4ic\nAfw7MFZVt/vai/6PQ5StUvn6+t6OBTZ4r58BRnty9gJGk7+yjkU+T8bPkHPirvS1xXH/yrEIuMaL\nTjoL2O1NjuK4d+WJ29vt8oOcbXkJsNF77u21NwIP+PoNAv4EdCo4/zlgLblB7afAEXHLB5ztyfA7\n7/kG3/mfIje4bQIeB7rHLNsXgf3Aat+jIcp7Ry764w/kZoO3e20zyA22AD28e7HJuzef8p17u3fe\na8DFEXzfysn2LPC2714tKvc/jlm+7wOvenIsBf7Gd+713j3dBFyXhHze++nAzILzIr9/5CaN27zv\news5H9GNwI3ecQHu9WRfCzTGee/KPSzz2TAMw8jDTEmGYRhGHqYYDMMwjDxMMRiGYRh5mGIwDMMw\n8jDFYBiGYeRhisEwDMPIwxSDYRiGkYcpBsMwDCOP/w+lAENuILbD5gAAAABJRU5ErkJggg==\n",
      "text/plain": [
       "<matplotlib.figure.Figure at 0xa7d0ac8>"
      ]
     },
     "metadata": {},
     "output_type": "display_data"
    }
   ],
   "source": [
    "import csv\n",
    "import sklearn as sk\n",
    "import pandas as pd\n",
    "from sklearn.linear_model import LogisticRegression\n",
    "import matplotlib.pyplot as pt\n",
    "import numpy as np\n",
    "import scipy\n",
    "data = np.loadtxt(r'C:\\Users\\saminens\\Desktop\\ML\\ex2data2.txt', delimiter=\",\")\n",
    "x=data[:,0:2]\n",
    "y=data[:,2:3]\n",
    "pos=np.where(y==0)[0]\n",
    "neg=np.where(y==1)[0]\n",
    "pt.scatter(x[pos,0],x[pos,1],marker='^')\n",
    "pt.scatter(x[neg,0],x[neg,1],marker='o')\n",
    "pt.legend(['Not Admitted','Admitted'],fancybox=True)\n",
    "pt.show()\n"
   ]
  },
  {
   "cell_type": "code",
   "execution_count": 2,
   "metadata": {},
   "outputs": [
    {
     "data": {
      "text/plain": [
       "(118, 28)"
      ]
     },
     "execution_count": 2,
     "metadata": {},
     "output_type": "execute_result"
    }
   ],
   "source": [
    "pf=sk.preprocessing.PolynomialFeatures(6)\n",
    "x_f=pf.fit_transform(x)\n",
    "#noting dimensions is imp.\n",
    "x_f.shape"
   ]
  },
  {
   "cell_type": "code",
   "execution_count": 3,
   "metadata": {
    "collapsed": true
   },
   "outputs": [],
   "source": [
    "def sigmoid(z):\n",
    "    g=1/(1 + np.exp(-z))\n",
    "    return g"
   ]
  },
  {
   "cell_type": "code",
   "execution_count": 4,
   "metadata": {
    "collapsed": true
   },
   "outputs": [],
   "source": [
    "def h(theta,X):\n",
    "   \n",
    "    return sigmoid(X.dot(theta))"
   ]
  },
  {
   "cell_type": "code",
   "execution_count": 5,
   "metadata": {
    "collapsed": true
   },
   "outputs": [],
   "source": [
    "# here alpha is the regularisation parameter.\n",
    "def costfunctionreg(theta,alpha,X,y):\n",
    "    m,n=X.shape\n",
    "    h1=h(theta,X)\n",
    "    theta[0]=0\n",
    "    reg= (alpha/2)*np.square(theta)\n",
    "    rcost= y.T.dot(np.log(h1))+(1-y).T.dot(np.log(1-h1))\n",
    "    J= -(rcost)/m + sum(reg[1:])/m\n",
    "    return(J)"
   ]
  },
  {
   "cell_type": "code",
   "execution_count": 6,
   "metadata": {},
   "outputs": [
    {
     "data": {
      "text/plain": [
       "(118, 1)"
      ]
     },
     "execution_count": 6,
     "metadata": {},
     "output_type": "execute_result"
    }
   ],
   "source": [
    "y.shape\n"
   ]
  },
  {
   "cell_type": "code",
   "execution_count": 7,
   "metadata": {},
   "outputs": [],
   "source": [
    "def gradientreg(theta,alpha,X,y):\n",
    "    m,n=X.shape\n",
    "    h2=h(theta.reshape(-1,1),X)\n",
    "    reg1= (alpha*(theta.reshape(-1,1)))/m\n",
    "    grad=((h2-y).T.dot(X)/m).T + reg1\n",
    "      #we need a column matrix  \n",
    "    return np.ndarray.flatten(grad)"
   ]
  },
  {
   "cell_type": "code",
   "execution_count": 8,
   "metadata": {},
   "outputs": [
    {
     "data": {
      "text/plain": [
       "array([ 0.69314718])"
      ]
     },
     "execution_count": 8,
     "metadata": {},
     "output_type": "execute_result"
    }
   ],
   "source": [
    "itheta=np.zeros(x_f.shape[1])\n",
    "cost=costfunctionreg(itheta,1,x_f,y)\n",
    "grad=gradientreg(itheta,1,x_f,y)\n",
    "cost\n"
   ]
  },
  {
   "cell_type": "code",
   "execution_count": 9,
   "metadata": {},
   "outputs": [
    {
     "data": {
      "text/plain": [
       "      fun: 0.5300109345445478\n",
       " hess_inv: array([[  7.00337192e+00,   8.80651203e-01,   3.31034024e+00,\n",
       "         -6.07369168e+00,  -3.29490189e+00,  -3.61780892e+00,\n",
       "         -2.83629420e-01,  -1.27801104e+00,  -1.38930681e+00,\n",
       "         -1.13386976e+00,  -4.93560446e+00,  -5.45527264e-01,\n",
       "         -1.86205990e+00,  -1.07235149e+00,  -4.13033248e+00,\n",
       "         -1.33100737e+00,  -7.91148143e-01,  -3.34969636e-01,\n",
       "         -9.09590231e-01,  -1.03472140e+00,  -2.43668340e+00,\n",
       "         -3.78702492e+00,  -1.63841747e-01,  -9.35852966e-01,\n",
       "         -1.12669396e-01,  -1.04379243e+00,  -5.69574187e-01,\n",
       "         -3.90396896e+00],\n",
       "       [  8.80651203e-01,   9.32689654e+00,   6.20965192e+00,\n",
       "         -5.40357712e+00,  -3.54723073e+00,  -3.48185482e+00,\n",
       "          4.08077265e+00,  -1.43844360e+00,  -8.28227967e-01,\n",
       "          1.62204654e+00,  -3.48183154e+00,  -2.08589595e-01,\n",
       "         -1.90665524e+00,  -1.14048285e+00,  -2.23129230e+00,\n",
       "          1.65951685e+00,  -8.48028671e-01,   1.66389779e-01,\n",
       "         -8.94038913e-01,  -1.09285965e+00,   6.97327542e-01,\n",
       "         -2.16132945e+00,   1.25542516e-01,  -8.85907267e-01,\n",
       "          3.88022817e-02,  -9.65367696e-01,  -6.63373469e-01,\n",
       "         -1.09116536e+00],\n",
       "       [  3.31034024e+00,   6.20965192e+00,   7.86369393e+00,\n",
       "         -7.39876226e+00,  -5.55422150e-01,  -2.28721960e+00,\n",
       "          1.28914105e+00,  -4.94605043e-01,   1.42388727e-01,\n",
       "         -9.68140779e-02,  -5.75595627e+00,   1.51961590e-01,\n",
       "         -1.59278006e+00,   1.27905875e-01,  -3.79338363e+00,\n",
       "         -8.43634196e-01,  -5.38555442e-01,   2.69320938e-02,\n",
       "         -5.95013391e-01,  -2.06210316e-01,  -2.57754680e+00,\n",
       "         -4.41814406e+00,   8.14844649e-02,  -8.51094194e-01,\n",
       "          1.37615381e-01,  -8.95153439e-01,   9.30084518e-02,\n",
       "         -4.35900806e+00],\n",
       "       [ -6.07369168e+00,  -5.40357712e+00,  -7.39876226e+00,\n",
       "          1.24302891e+01,   3.87968709e+00,   5.90195548e+00,\n",
       "         -8.25951964e-01,   1.79746472e+00,   1.37246594e+00,\n",
       "          1.42590504e+00,   8.88522131e+00,   4.80629045e-01,\n",
       "          3.07516657e+00,   1.06755051e+00,   6.96060408e+00,\n",
       "          1.72289582e+00,   1.22883050e+00,   3.17134535e-01,\n",
       "          1.39004825e+00,   1.24081705e+00,   4.21062183e+00,\n",
       "          6.73422344e+00,   1.15352025e-01,   1.55542275e+00,\n",
       "          3.14649364e-02,   1.70630615e+00,   5.51161227e-01,\n",
       "          6.88893539e+00],\n",
       "       [ -3.29490189e+00,  -3.54723073e+00,  -5.55422150e-01,\n",
       "          3.87968709e+00,   1.73284485e+01,   1.12129644e+01,\n",
       "         -6.39693196e+00,   5.58617362e+00,   6.36371652e+00,\n",
       "         -2.01202132e+00,   1.28622612e+00,   2.48944216e+00,\n",
       "          4.37116041e+00,   6.39873108e+00,   3.01241132e+00,\n",
       "         -4.62143777e+00,   2.45969276e+00,   4.47186321e-01,\n",
       "          2.69151432e+00,   4.96597585e+00,  -5.32587207e+00,\n",
       "         -5.46443141e-01,   3.29699891e-01,   1.78531071e+00,\n",
       "          6.63448304e-01,   2.12904202e+00,   3.65480085e+00,\n",
       "         -3.05669369e+00],\n",
       "       [ -3.61780892e+00,  -3.48185482e+00,  -2.28721960e+00,\n",
       "          5.90195548e+00,   1.12129644e+01,   9.81215730e+00,\n",
       "         -4.00463867e+00,   3.99666500e+00,   4.36192097e+00,\n",
       "         -6.25601373e-01,   3.52530748e+00,   1.69542037e+00,\n",
       "          3.62852481e+00,   4.26045065e+00,   4.07714089e+00,\n",
       "         -2.21127405e+00,   1.88899415e+00,   3.94190707e-01,\n",
       "          2.08446363e+00,   3.43053489e+00,  -1.85308118e+00,\n",
       "          1.74581805e+00,   2.51905726e-01,   1.57219831e+00,\n",
       "          4.26293238e-01,   1.83249260e+00,   2.41285213e+00,\n",
       "          3.24875703e-01],\n",
       "       [ -2.83629420e-01,   4.08077265e+00,   1.28914105e+00,\n",
       "         -8.25951964e-01,  -6.39693196e+00,  -4.00463867e+00,\n",
       "          5.16162845e+00,  -2.17147183e+00,  -2.23829272e+00,\n",
       "          1.98841741e+00,   3.49443858e-01,  -8.29645107e-01,\n",
       "         -1.61842506e+00,  -2.50866966e+00,  -1.60587048e-01,\n",
       "          3.01140851e+00,  -9.39680082e-01,   2.96616752e-02,\n",
       "         -9.96751033e-01,  -1.93534213e+00,   3.48106914e+00,\n",
       "          1.05042999e+00,  -1.17714639e-02,  -6.28298474e-01,\n",
       "         -1.99353435e-01,  -7.45095331e-01,  -1.45688935e+00,\n",
       "          2.53868792e+00],\n",
       "       [ -1.27801104e+00,  -1.43844360e+00,  -4.94605043e-01,\n",
       "          1.79746472e+00,   5.58617362e+00,   3.99666500e+00,\n",
       "         -2.17147183e+00,   2.93584415e+00,   2.16936515e+00,\n",
       "         -6.00297079e-01,   8.15603410e-01,   8.46722857e-01,\n",
       "          1.58722125e+00,   2.16915220e+00,   1.30917205e+00,\n",
       "         -1.46660408e+00,   8.71408038e-01,   1.61178212e-01,\n",
       "          9.55121512e-01,   1.70146427e+00,  -1.58251690e+00,\n",
       "          1.10648327e-01,   1.14257870e-01,   6.60930221e-01,\n",
       "          2.21425975e-01,   7.81786292e-01,   1.23639599e+00,\n",
       "         -7.12728539e-01],\n",
       "       [ -1.38930681e+00,  -8.28227967e-01,   1.42388727e-01,\n",
       "          1.37246594e+00,   6.36371652e+00,   4.36192097e+00,\n",
       "         -2.23829272e+00,   2.16936515e+00,   3.52590554e+00,\n",
       "         -6.31481874e-01,   4.32238166e-01,   9.96519715e-01,\n",
       "          1.67036115e+00,   2.50455310e+00,   1.19120885e+00,\n",
       "         -1.67331217e+00,   9.47022204e-01,   2.02773567e-01,\n",
       "          1.04054353e+00,   1.93585512e+00,  -1.98029352e+00,\n",
       "         -2.43685978e-01,   1.46623113e-01,   6.80143044e-01,\n",
       "          2.71465656e-01,   8.15460238e-01,   1.42803805e+00,\n",
       "         -1.15701588e+00],\n",
       "       [ -1.13386976e+00,   1.62204654e+00,  -9.68140779e-02,\n",
       "          1.42590504e+00,  -2.01202132e+00,  -6.25601373e-01,\n",
       "          1.98841741e+00,  -6.00297079e-01,  -6.31481874e-01,\n",
       "          2.35418711e+00,   1.56953862e+00,  -2.18819361e-01,\n",
       "         -1.96479025e-01,  -8.49909329e-01,   1.18189230e+00,\n",
       "          1.74897530e+00,  -1.95152405e-01,   1.12264025e-01,\n",
       "         -1.87547641e-01,  -5.97923976e-01,   2.35493389e+00,\n",
       "          1.54792669e+00,   4.65591284e-02,  -1.92741762e-02,\n",
       "         -5.56855986e-02,  -3.93323710e-02,  -5.10047321e-01,\n",
       "          2.31921072e+00],\n",
       "       [ -4.93560446e+00,  -3.48183154e+00,  -5.75595627e+00,\n",
       "          8.88522131e+00,   1.28622612e+00,   3.52530748e+00,\n",
       "          3.49443858e-01,   8.15603410e-01,   4.32238166e-01,\n",
       "          1.56953862e+00,   8.16816644e+00,   1.31705564e-01,\n",
       "          1.99860382e+00,   1.38381121e-01,   5.43770677e+00,\n",
       "          2.12549957e+00,   7.15438123e-01,   2.40949449e-01,\n",
       "          8.24872719e-01,   4.41649107e-01,   4.23371288e+00,\n",
       "          5.64124418e+00,   7.61482357e-02,   1.06423918e+00,\n",
       "         -3.91649731e-02,   1.14968194e+00,   2.77248159e-02,\n",
       "          6.13041970e+00],\n",
       "       [ -5.45527264e-01,  -2.08589595e-01,   1.51961590e-01,\n",
       "          4.80629045e-01,   2.48944216e+00,   1.69542037e+00,\n",
       "         -8.29645107e-01,   8.46722857e-01,   9.96519715e-01,\n",
       "         -2.18819361e-01,   1.31705564e-01,   1.39644630e+00,\n",
       "          6.40722059e-01,   9.83178037e-01,   4.53416583e-01,\n",
       "         -6.38411226e-01,   3.67028789e-01,   8.43925200e-02,\n",
       "          4.03476223e-01,   7.56641052e-01,  -7.67551487e-01,\n",
       "         -1.20369851e-01,   6.16221941e-02,   2.59636124e-01,\n",
       "          1.09579502e-01,   3.12646412e-01,   5.60167457e-01,\n",
       "         -4.64291299e-01],\n",
       "       [ -1.86205990e+00,  -1.90665524e+00,  -1.59278006e+00,\n",
       "          3.07516657e+00,   4.37116041e+00,   3.62852481e+00,\n",
       "         -1.61842506e+00,   1.58722125e+00,   1.67036115e+00,\n",
       "         -1.96479025e-01,   1.99860382e+00,   6.40722059e-01,\n",
       "          2.56625407e+00,   1.62457004e+00,   2.00139132e+00,\n",
       "         -7.16644443e-01,   7.83727879e-01,   1.55718245e-01,\n",
       "          8.65869236e-01,   1.34130129e+00,  -3.92039705e-01,\n",
       "          1.17291162e+00,   9.22490854e-02,   6.97275478e-01,\n",
       "          1.51277205e-01,   8.02423220e-01,   9.17099924e-01,\n",
       "          6.34656160e-01],\n",
       "       [ -1.07235149e+00,  -1.14048285e+00,   1.27905875e-01,\n",
       "          1.06755051e+00,   6.39873108e+00,   4.26045065e+00,\n",
       "         -2.50866966e+00,   2.16915220e+00,   2.50455310e+00,\n",
       "         -8.49909329e-01,   1.38381121e-01,   9.83178037e-01,\n",
       "          1.62457004e+00,   3.52759687e+00,   9.22650285e-01,\n",
       "         -1.91540875e+00,   9.35937902e-01,   1.69544137e-01,\n",
       "          1.02267291e+00,   1.94351990e+00,  -2.30461607e+00,\n",
       "         -5.04274990e-01,   1.29712977e-01,   6.50743201e-01,\n",
       "          2.66724509e-01,   7.82737199e-01,   1.44585462e+00,\n",
       "         -1.51156921e+00],\n",
       "       [ -4.13033248e+00,  -2.23129230e+00,  -3.79338363e+00,\n",
       "          6.96060408e+00,   3.01241132e+00,   4.07714089e+00,\n",
       "         -1.60587048e-01,   1.30917205e+00,   1.19120885e+00,\n",
       "          1.18189230e+00,   5.43770677e+00,   4.53416583e-01,\n",
       "          2.00139132e+00,   9.22650285e-01,   5.50186544e+00,\n",
       "          1.20335534e+00,   8.31081229e-01,   2.80518409e-01,\n",
       "          9.46614529e-01,   9.54152565e-01,   2.66799043e+00,\n",
       "          4.11611951e+00,   1.27670636e-01,   9.99578888e-01,\n",
       "          7.45534263e-02,   1.10944250e+00,   4.84349864e-01,\n",
       "          4.27932128e+00],\n",
       "       [ -1.33100737e+00,   1.65951685e+00,  -8.43634196e-01,\n",
       "          1.72289582e+00,  -4.62143777e+00,  -2.21127405e+00,\n",
       "          3.01140851e+00,  -1.46660408e+00,  -1.67331217e+00,\n",
       "          1.74897530e+00,   2.12549957e+00,  -6.38411226e-01,\n",
       "         -7.16644443e-01,  -1.91540875e+00,   1.20335534e+00,\n",
       "          3.70766140e+00,  -5.35444122e-01,   5.01810758e-02,\n",
       "         -5.55865177e-01,  -1.38553249e+00,   3.62793395e+00,\n",
       "          2.24484883e+00,  -1.11219431e-02,  -2.03554828e-01,\n",
       "         -1.78526059e-01,  -2.74146620e-01,  -1.12241398e+00,\n",
       "          3.44028037e+00],\n",
       "       [ -7.91148143e-01,  -8.48028671e-01,  -5.38555442e-01,\n",
       "          1.22883050e+00,   2.45969276e+00,   1.88899415e+00,\n",
       "         -9.39680082e-01,   8.71408038e-01,   9.47022204e-01,\n",
       "         -1.95152405e-01,   7.15438123e-01,   3.67028789e-01,\n",
       "          7.83727879e-01,   9.35937902e-01,   8.31081229e-01,\n",
       "         -5.35444122e-01,   1.41057726e+00,   7.82460675e-02,\n",
       "          4.51573200e-01,   7.51566504e-01,  -4.76565207e-01,\n",
       "          3.33032022e-01,   5.09961635e-02,   3.38188935e-01,\n",
       "          9.16884782e-02,   3.94118065e-01,   5.31170134e-01,\n",
       "         -2.38017557e-03],\n",
       "       [ -3.34969636e-01,   1.66389779e-01,   2.69320938e-02,\n",
       "          3.17134535e-01,   4.47186321e-01,   3.94190707e-01,\n",
       "          2.96616752e-02,   1.61178212e-01,   2.02773567e-01,\n",
       "          1.12264025e-01,   2.40949449e-01,   8.43925200e-02,\n",
       "          1.55718245e-01,   1.69544137e-01,   2.80518409e-01,\n",
       "          5.01810758e-02,   7.82460675e-02,   1.03919797e+00,\n",
       "          8.98266547e-02,   1.37867058e-01,   8.75401695e-02,\n",
       "          1.67762705e-01,   2.36070927e-02,   7.10918023e-02,\n",
       "          2.39488647e-02,   8.34995327e-02,   9.32536592e-02,\n",
       "          1.69039167e-01],\n",
       "       [ -9.09590231e-01,  -8.94038913e-01,  -5.95013391e-01,\n",
       "          1.39004825e+00,   2.69151432e+00,   2.08446363e+00,\n",
       "         -9.96751033e-01,   9.55121512e-01,   1.04054353e+00,\n",
       "         -1.87547641e-01,   8.24872719e-01,   4.03476223e-01,\n",
       "          8.65869236e-01,   1.02267291e+00,   9.46614529e-01,\n",
       "         -5.55865177e-01,   4.51573200e-01,   8.98266547e-02,\n",
       "          1.49748750e+00,   8.22940239e-01,  -4.80905216e-01,\n",
       "          4.00646458e-01,   5.77301761e-02,   3.74951757e-01,\n",
       "          1.00841187e-01,   4.36686196e-01,   5.79814745e-01,\n",
       "          4.40542316e-02],\n",
       "       [ -1.03472140e+00,  -1.09285965e+00,  -2.06210316e-01,\n",
       "          1.24081705e+00,   4.96597585e+00,   3.43053489e+00,\n",
       "         -1.93534213e+00,   1.70146427e+00,   1.93585512e+00,\n",
       "         -5.97923976e-01,   4.41649107e-01,   7.56641052e-01,\n",
       "          1.34130129e+00,   1.94351990e+00,   9.54152565e-01,\n",
       "         -1.38553249e+00,   7.51566504e-01,   1.37867058e-01,\n",
       "          8.22940239e-01,   2.51086687e+00,  -1.58564740e+00,\n",
       "         -1.25406094e-01,   1.00619918e-01,   5.49578336e-01,\n",
       "          2.01128447e-01,   6.54575327e-01,   1.10970480e+00,\n",
       "         -8.83653241e-01],\n",
       "       [ -2.43668340e+00,   6.97327542e-01,  -2.57754680e+00,\n",
       "          4.21062183e+00,  -5.32587207e+00,  -1.85308118e+00,\n",
       "          3.48106914e+00,  -1.58251690e+00,  -1.98029352e+00,\n",
       "          2.35493389e+00,   4.23371288e+00,  -7.67551487e-01,\n",
       "         -3.92039705e-01,  -2.30461607e+00,   2.66799043e+00,\n",
       "          3.62793395e+00,  -4.76565207e-01,   8.75401695e-02,\n",
       "         -4.80905216e-01,  -1.58564740e+00,   6.26741744e+00,\n",
       "          3.99974288e+00,  -1.16581164e-02,   4.03717484e-03,\n",
       "         -2.36105597e-01,  -6.33530227e-02,  -1.36016374e+00,\n",
       "          5.51256007e+00],\n",
       "       [ -3.78702492e+00,  -2.16132945e+00,  -4.41814406e+00,\n",
       "          6.73422344e+00,  -5.46443141e-01,   1.74581805e+00,\n",
       "          1.05042999e+00,   1.10648327e-01,  -2.43685978e-01,\n",
       "          1.54792669e+00,   5.64124418e+00,  -1.20369851e-01,\n",
       "          1.17291162e+00,  -5.04274990e-01,   4.11611951e+00,\n",
       "          2.24484883e+00,   3.33032022e-01,   1.67762705e-01,\n",
       "          4.00646458e-01,  -1.25406094e-01,   3.99974288e+00,\n",
       "          5.60594401e+00,   4.00572943e-02,   6.78995549e-01,\n",
       "         -8.88874919e-02,   7.15310449e-01,  -3.30997270e-01,\n",
       "          5.28123992e+00],\n",
       "       [ -1.63841747e-01,   1.25542516e-01,   8.14844649e-02,\n",
       "          1.15352025e-01,   3.29699891e-01,   2.51905726e-01,\n",
       "         -1.17714639e-02,   1.14257870e-01,   1.46623113e-01,\n",
       "          4.65591284e-02,   7.61482357e-02,   6.16221941e-02,\n",
       "          9.22490854e-02,   1.29712977e-01,   1.27670636e-01,\n",
       "         -1.11219431e-02,   5.09961635e-02,   2.36070927e-02,\n",
       "          5.77301761e-02,   1.00619918e-01,  -1.16581164e-02,\n",
       "          4.00572943e-02,   1.01556689e+00,   3.95980241e-02,\n",
       "          1.82462354e-02,   4.77691430e-02,   7.23711253e-02,\n",
       "          2.67867646e-02],\n",
       "       [ -9.35852966e-01,  -8.85907267e-01,  -8.51094194e-01,\n",
       "          1.55542275e+00,   1.78531071e+00,   1.57219831e+00,\n",
       "         -6.28298474e-01,   6.60930221e-01,   6.80143044e-01,\n",
       "         -1.92741762e-02,   1.06423918e+00,   2.59636124e-01,\n",
       "          6.97275478e-01,   6.50743201e-01,   9.99578888e-01,\n",
       "         -2.03554828e-01,   3.38188935e-01,   7.10918023e-02,\n",
       "          3.74951757e-01,   5.49578336e-01,   4.03717484e-03,\n",
       "          6.78995549e-01,   3.95980241e-02,   1.31706280e+00,\n",
       "          5.86692862e-02,   3.62033555e-01,   3.65453896e-01,\n",
       "          4.83420749e-01],\n",
       "       [ -1.12669396e-01,   3.88022817e-02,   1.37615381e-01,\n",
       "          3.14649364e-02,   6.63448304e-01,   4.26293238e-01,\n",
       "         -1.99353435e-01,   2.21425975e-01,   2.71465656e-01,\n",
       "         -5.56855986e-02,  -3.91649731e-02,   1.09579502e-01,\n",
       "          1.51277205e-01,   2.66724509e-01,   7.45534263e-02,\n",
       "         -1.78526059e-01,   9.16884782e-02,   2.39488647e-02,\n",
       "          1.00841187e-01,   2.01128447e-01,  -2.36105597e-01,\n",
       "         -8.88874919e-02,   1.82462354e-02,   5.86692862e-02,\n",
       "          1.03167723e+00,   7.24144714e-02,   1.52140154e-01,\n",
       "         -1.78751349e-01],\n",
       "       [ -1.04379243e+00,  -9.65367696e-01,  -8.95153439e-01,\n",
       "          1.70630615e+00,   2.12904202e+00,   1.83249260e+00,\n",
       "         -7.45095331e-01,   7.81786292e-01,   8.15460238e-01,\n",
       "         -3.93323710e-02,   1.14968194e+00,   3.12646412e-01,\n",
       "          8.02423220e-01,   7.82737199e-01,   1.10944250e+00,\n",
       "         -2.74146620e-01,   3.94118065e-01,   8.34995327e-02,\n",
       "          4.36686196e-01,   6.54575327e-01,  -6.33530227e-02,\n",
       "          7.15310449e-01,   4.77691430e-02,   3.62033555e-01,\n",
       "          7.24144714e-02,   1.41482836e+00,   4.40284692e-01,\n",
       "          4.75975802e-01],\n",
       "       [ -5.69574187e-01,  -6.63373469e-01,   9.30084518e-02,\n",
       "          5.51161227e-01,   3.65480085e+00,   2.41285213e+00,\n",
       "         -1.45688935e+00,   1.23639599e+00,   1.42803805e+00,\n",
       "         -5.10047321e-01,   2.77248159e-02,   5.60167457e-01,\n",
       "          9.17099924e-01,   1.44585462e+00,   4.84349864e-01,\n",
       "         -1.12241398e+00,   5.31170134e-01,   9.32536592e-02,\n",
       "          5.79814745e-01,   1.10970480e+00,  -1.36016374e+00,\n",
       "         -3.30997270e-01,   7.23711253e-02,   3.65453896e-01,\n",
       "          1.52140154e-01,   4.40284692e-01,   1.82764919e+00,\n",
       "         -9.16546550e-01],\n",
       "       [ -3.90396896e+00,  -1.09116536e+00,  -4.35900806e+00,\n",
       "          6.88893539e+00,  -3.05669369e+00,   3.24875703e-01,\n",
       "          2.53868792e+00,  -7.12728539e-01,  -1.15701588e+00,\n",
       "          2.31921072e+00,   6.13041970e+00,  -4.64291299e-01,\n",
       "          6.34656160e-01,  -1.51156921e+00,   4.27932128e+00,\n",
       "          3.44028037e+00,  -2.38017557e-03,   1.69039167e-01,\n",
       "          4.40542316e-02,  -8.83653241e-01,   5.51256007e+00,\n",
       "          5.28123992e+00,   2.67867646e-02,   4.83420749e-01,\n",
       "         -1.78751349e-01,   4.75975802e-01,  -9.16546550e-01,\n",
       "          7.53639155e+00]])\n",
       "      jac: array([  1.05428055e-03,   1.56890070e-03,  -3.01633241e-03,\n",
       "         4.44571937e-04,  -9.07326241e-04,   5.48645864e-04,\n",
       "         4.42513126e-04,  -5.86951318e-04,   3.96000029e-05,\n",
       "        -1.90024893e-03,   9.19581825e-05,  -8.92159651e-04,\n",
       "         3.39612861e-04,  -4.50547743e-04,  -7.39680141e-04,\n",
       "         1.15155633e-04,  -4.07764686e-04,  -1.49946146e-04,\n",
       "        -1.21293141e-04,   9.05533160e-07,  -2.02141905e-03,\n",
       "        -1.39860642e-04,  -5.70561623e-04,   1.28280910e-04,\n",
       "        -3.67399356e-04,   1.11768935e-04,  -2.39700316e-04,\n",
       "        -1.59844908e-03])\n",
